300,5
: (0, 0, 0)301,5
: (0, 0, 0)302,5
: (0, 0, 0)303,5
: (0, 0, 0)304,5
: (0, 0, 0)305,5
: (0, 0, 0)306,5
: (0, 0, 0)307,5
: (0, 0, 0)308,5
: (0, 0, 0)309,5
: (0, 0, 0)310,5
: (0, 0, 0)311,5
: (0, 0, 0)312,5
: (0, 0, 0)313,5
: (0, 0, 0)314,5
: (0, 0, 0)315,5
: (0, 0, 0)316,5
: (0, 0, 0)317,5
: (0, 0, 0)318,5
: (0, 0, 0)319,5
: (0, 0, 0)320,5
: (0, 0, 0)321,5
: (0, 0, 0)322,5
: (0, 0, 0)323,5
: (0, 0, 0)324,5
: (0, 0, 0)325,5
: (0, 0, 0)326,5
: (0, 0, 0)327,5
: (0, 0, 0)328,5
: (0, 0, 0)329,5
: (0, 0, 0)330,5
: (0, 0, 0)331,5
: (0, 0, 0)332,5
: (0, 0, 0)333,5
: (0, 0, 0)334,5
: (0, 0, 0)335,5
: (0, 0, 0)336,5
: (0, 0, 0)337,5
: (0, 0, 0)338,5
: (0, 0, 0)339,5
: (0, 0, 0)340,5
: (0, 0, 0)341,5
: (0, 0, 0)342,5
: (0, 0, 0)343,5
: (0, 0, 0)344,5
: (0, 0, 0)345,5
: (0, 0, 0)346,5
: (0, 0, 0)347,5
: (0, 0, 0)184,6
: (0, 0, 0)185,6
: (0, 0, 0)186,6
: (0, 0, 0)187,6
: (0, 0, 0)188,6
: (0, 0, 0)189,6
: (0, 0, 0)190,6
: (0, 0, 0)191,6
: (0, 0, 0)192,6
: (0, 0, 0)193,6
: (0, 0, 0)194,6
: (0, 0, 0)195,6
: (0, 0, 0)196,6
: (0, 0, 0)197,6
: (0, 0, 0)198,6
: (0, 0, 0)199,6
: (0, 0, 0)200,6
: (0, 0, 0)201,6
: (0, 0, 0)202,6
: (0, 0, 0)203,6
: (0, 0, 0)204,6
: (0, 0, 0)205,6
: (0, 0, 0)206,6
: (0, 0, 0)207,6
: (0, 0, 0)208,6
: (0, 0, 0)209,6
: (0, 0, 0)210,6
: (0, 0, 0)211,6
: (0, 0, 0)212,6
: (0, 0, 0)213,6
: (0, 0, 0)214,6
: (0, 0, 0)215,6
: (0, 0, 0)216,6
: (0, 0, 0)217,6
: (0, 0, 0)218,6
: (0, 0, 0)219,6
: (0, 0, 0)220,6
: (0, 0, 0)221,6
: (0, 0, 0)222,6
: (0, 0, 0)223,6
: (0, 0, 0)224,6
: (0, 0, 0)225,6
: (0, 0, 0)226,6
: (0, 0, 0)227,6
: (0, 0, 0)228,6
: (0, 0, 0)229,6
: (0, 0, 0)230,6
: (0, 0, 0)231,6
: (0, 0, 0)232,6
: (0, 0, 0)233,6
: (0, 0, 0)234,6
: (0, 0, 0)235,6
: (0, 0, 0)236,6
: (0, 0, 0)237,6
: (0, 0, 0)238,6
: (0, 0, 0)239,6
: (0, 0, 0)240,6
: (0, 0, 0)241,6
: (0, 0, 0)242,6
: (0, 0, 0)243,6
: (0, 0, 0)244,6
: (0, 0, 0)245,6
: (0, 0, 0)246,6
: (0, 0, 0)300,6
: (0, 0, 0)347,6
: (0, 0, 0)184,7
: (0, 0, 0)246,7
: (0, 0, 0)300,7
: (0, 0, 0)347,7
: (0, 0, 0)184,8
: (0, 0, 0)246,8
: (0, 0, 0)300,8
: (0, 0, 0)347,8
: (0, 0, 0)184,9
: (0, 0, 0)246,9
: (0, 0, 0)300,9
: (0, 0, 0)347,9
: (0, 0, 0)184,10
: (0, 0, 0)246,10
: (0, 0, 0)300,10
: (0, 0, 0)347,10
: (0, 0, 0)184,11
: (0, 0, 0)246,11
: (0, 0, 0)300,11
: (0, 0, 0)347,11
: (0, 0, 0)184,12
: (0, 0, 0)246,12
: (0, 0, 0)300,12
: (0, 0, 0)347,12
: (0, 0, 0)184,13
: (0, 0, 0)246,13
: (0, 0, 0)300,13
: (0, 0, 0)347,13
: (0, 0, 0)184,14
: (0, 0, 0)246,14
: (0, 0, 0)300,14
: (0, 0, 0)347,14
: (0, 0, 0)184,15
: (0, 0, 0)246,15
: (0, 0, 0)300,15
: (0, 0, 0)347,15
: (0, 0, 0)184,16
: (0, 0, 0)246,16
: (0, 0, 0)300,16
: (0, 0, 0)347,16
: (0, 0, 0)184,17
: (0, 0, 0)246,17
: (0, 0, 0)300,17
: (0, 0, 0)347,17
: (0, 0, 0)184,18
: (0, 0, 0)246,18
: (0, 0, 0)300,18
: (0, 0, 0)347,18
: (0, 0, 0)184,19
: (0, 0, 0)246,19
: (0, 0, 0)300,19
: (0, 0, 0)347,19
: (0, 0, 0)184,20
: (0, 0, 0)246,20
: (0, 0, 0)300,20
: (0, 0, 0)347,20
: (0, 0, 0)184,21
: (0, 0, 0)246,21
: (0, 0, 0)300,21
: (0, 0, 0)347,21
: (0, 0, 0)184,22
: (0, 0, 0)246,22
: (0, 0, 0)300,22
: (0, 0, 0)347,22
: (0, 0, 0)184,23
: (0, 0, 0)246,23
: (0, 0, 0)300,23
: (0, 0, 0)347,23
: (0, 0, 0)184,24
: (0, 0, 0)246,24
: (0, 0, 0)300,24
: (0, 0, 0)347,24
: (0, 0, 0)184,25
: (0, 0, 0)246,25
: (0, 0, 0)300,25
: (0, 0, 0)347,25
: (0, 0, 0)184,26
: (0, 0, 0)246,26
: (0, 0, 0)300,26
: (0, 0, 0)347,26
: (0, 0, 0)184,27
: (0, 0, 0)246,27
: (0, 0, 0)300,27
: (0, 0, 0)347,27
: (0, 0, 0)184,28
: (0, 0, 0)246,28
: (0, 0, 0)300,28
: (0, 0, 0)347,28
: (0, 0, 0)184,29
: (0, 0, 0)246,29
: (0, 0, 0)300,29
: (0, 0, 0)347,29
: (0, 0, 0)184,30
: (0, 0, 0)246,30
: (0, 0, 0)300,30
: (0, 0, 0)347,30
: (0, 0, 0)184,31
: (0, 0, 0)246,31
: (0, 0, 0)300,31
: (0, 0, 0)347,31
: (0, 0, 0)184,32
: (0, 0, 0)246,32
: (0, 0, 0)300,32
: (0, 0, 0)347,32
: (0, 0, 0)184,33
: (0, 0, 0)246,33
: (0, 0, 0)300,33
: (0, 0, 0)347,33
: (0, 0, 0)184,34
: (0, 0, 0)246,34
: (0, 0, 0)300,34
: (0, 0, 0)347,34
: (0, 0, 0)184,35
: (0, 0, 0)246,35
: (0, 0, 0)247,35
: (0, 0, 0)248,35
: (0, 0, 0)249,35
: (0, 0, 0)250,35
: (0, 0, 0)251,35
: (0, 0, 0)252,35
: (0, 0, 0)253,35
: (0, 0, 0)254,35
: (0, 0, 0)255,35
: (0, 0, 0)256,35
: (0, 0, 0)257,35
: (0, 0, 0)258,35
: (0, 0, 0)259,35
: (0, 0, 0)260,35
: (0, 0, 0)261,35
: (0, 0, 0)262,35
: (0, 0, 0)263,35
: (0, 0, 0)264,35
: (0, 0, 0)265,35
: (0, 0, 0)266,35
: (0, 0, 0)267,35
: (0, 0, 0)268,35
: (0, 0, 0)269,35
: (0, 0, 0)270,35
: (0, 0, 0)271,35
: (0, 0, 0)272,35
: (0, 0, 0)273,35
: (0, 0, 0)274,35
: (0, 0, 0)275,35
: (0, 0, 0)276,35
: (0, 0, 0)277,35
: (0, 0, 0)278,35
: (0, 0, 0)279,35
: (0, 0, 0)280,35
: (0, 0, 0)281,35
: (0, 0, 0)282,35
: (0, 0, 0)283,35
: (0, 0, 0)284,35
: (0, 0, 0)285,35
: (0, 0, 0)286,35
: (0, 0, 0)287,35
: (0, 0, 0)288,35
: (0, 0, 0)289,35
: (0, 0, 0)290,35
: (0, 0, 0)291,35
: (0, 0, 0)292,35
: (0, 0, 0)293,35
: (0, 0, 0)294,35
: (0, 0, 0)295,35
: (0, 0, 0)296,35
: (0, 0, 0)297,35
: (0, 0, 0)298,35
: (0, 0, 0)299,35
: (0, 0, 0)300,35
: (0, 0, 0)347,35
: (0, 0, 0)348,35
: (0, 0, 0)349,35
: (0, 0, 0)350,35
: (0, 0, 0)351,35
: (0, 0, 0)352,35
: (0, 0, 0)353,35
: (0, 0, 0)354,35
: (0, 0, 0)355,35
: (0, 0, 0)356,35
: (0, 0, 0)357,35
: (0, 0, 0)358,35
: (0, 0, 0)359,35
: (0, 0, 0)360,35
: (0, 0, 0)361,35
: (0, 0, 0)362,35
: (0, 0, 0)363,35
: (0, 0, 0)364,35
: (0, 0, 0)365,35
: (0, 0, 0)366,35
: (0, 0, 0)367,35
: (0, 0, 0)368,35
: (0, 0, 0)369,35
: (0, 0, 0)370,35
: (0, 0, 0)371,35
: (0, 0, 0)372,35
: (0, 0, 0)373,35
: (0, 0, 0)374,35
: (0, 0, 0)375,35
: (0, 0, 0)376,35
: (0, 0, 0)377,35
: (0, 0, 0)378,35
: (0, 0, 0)379,35
: (0, 0, 0)380,35
: (0, 0, 0)381,35
: (0, 0, 0)382,35
: (0, 0, 0)383,35
: (0, 0, 0)384,35
: (0, 0, 0)385,35
: (0, 0, 0)386,35
: (0, 0, 0)387,35
: (0, 0, 0)388,35
: (0, 0, 0)389,35
: (0, 0, 0)390,35
: (0, 0, 0)391,35
: (0, 0, 0)392,35
: (0, 0, 0)393,35
: (0, 0, 0)394,35
: (0, 0, 0)395,35
: (0, 0, 0)396,35
: (0, 0, 0)184,36
: (0, 0, 0)246,36
: (0, 0, 0)300,36
: (0, 0, 0)347,36
: (0, 0, 0)396,36
: (0, 0, 0)184,37
: (0, 0, 0)246,37
: (0, 0, 0)300,37
: (0, 0, 0)347,37
: (0, 0, 0)396,37
: (0, 0, 0)32,38
: (0, 0, 0)33,38
: (0, 0, 0)34,38
: (0, 0, 0)35,38
: (0, 0, 0)36,38
: (0, 0, 0)37,38
: (0, 0, 0)38,38
: (0, 0, 0)39,38
: (0, 0, 0)40,38
: (0, 0, 0)41,38
: (0, 0, 0)42,38
: (0, 0, 0)43,38
: (0, 0, 0)44,38
: (0, 0, 0)45,38
: (0, 0, 0)46,38
: (0, 0, 0)47,38
: (0, 0, 0)48,38
: (0, 0, 0)49,38
: (0, 0, 0)50,38
: (0, 0, 0)51,38
: (0, 0, 0)52,38
: (0, 0, 0)53,38
: (0, 0, 0)54,38
: (0, 0, 0)55,38
: (0, 0, 0)56,38
: (0, 0, 0)57,38
: (0, 0, 0)58,38
: (0, 0, 0)59,38
: (0, 0, 0)60,38
: (0, 0, 0)61,38
: (0, 0, 0)62,38
: (0, 0, 0)63,38
: (0, 0, 0)64,38
: (0, 0, 0)65,38
: (0, 0, 0)66,38
: (0, 0, 0)67,38
: (0, 0, 0)68,38
: (0, 0, 0)69,38
: (0, 0, 0)70,38
: (0, 0, 0)71,38
: (0, 0, 0)72,38
: (0, 0, 0)73,38
: (0, 0, 0)74,38
: (0, 0, 0)75,38
: (0, 0, 0)76,38
: (0, 0, 0)77,38
: (0, 0, 0)78,38
: (0, 0, 0)79,38
: (0, 0, 0)80,38
: (0, 0, 0)81,38
: (0, 0, 0)82,38
: (0, 0, 0)83,38
: (0, 0, 0)84,38
: (0, 0, 0)85,38
: (0, 0, 0)86,38
: (0, 0, 0)87,38
: (0, 0, 0)88,38
: (0, 0, 0)89,38
: (0, 0, 0)90,38
: (0, 0, 0)91,38
: (0, 0, 0)92,38
: (0, 0, 0)93,38
: (0, 0, 0)94,38
: (0, 0, 0)95,38
: (0, 0, 0)96,38
: (0, 0, 0)97,38
: (0, 0, 0)98,38
: (0, 0, 0)99,38
: (0, 0, 0)100,38
: (0, 0, 0)101,38
: (0, 0, 0)102,38
: (0, 0, 0)103,38
: (0, 0, 0)104,38
: (0, 0, 0)105,38
: (0, 0, 0)106,38
: (0, 0, 0)107,38
: (0, 0, 0)108,38
: (0, 0, 0)109,38
: (0, 0, 0)110,38
: (0, 0, 0)111,38
: (0, 0, 0)112,38
: (0, 0, 0)113,38
: (0, 0, 0)114,38
: (0, 0, 0)115,38
: (0, 0, 0)116,38
: (0, 0, 0)117,38
: (0, 0, 0)118,38
: (0, 0, 0)119,38
: (0, 0, 0)120,38
: (0, 0, 0)121,38
: (0, 0, 0)122,38
: (0, 0, 0)123,38
: (0, 0, 0)124,38
: (0, 0, 0)125,38
: (0, 0, 0)126,38
: (0, 0, 0)127,38
: (0, 0, 0)128,38
: (0, 0, 0)129,38
: (0, 0, 0)130,38
: (0, 0, 0)131,38
: (0, 0, 0)132,38
: (0, 0, 0)133,38
: (0, 0, 0)134,38
: (0, 0, 0)135,38
: (0, 0, 0)136,38
: (0, 0, 0)137,38
: (0, 0, 0)138,38
: (0, 0, 0)139,38
: (0, 0, 0)140,38
: (0, 0, 0)141,38
: (0, 0, 0)142,38
: (0, 0, 0)143,38
: (0, 0, 0)144,38
: (0, 0, 0)145,38
: (0, 0, 0)146,38
: (0, 0, 0)147,38
: (0, 0, 0)148,38
: (0, 0, 0)149,38
: (0, 0, 0)150,38
: (0, 0, 0)151,38
: (0, 0, 0)152,38
: (0, 0, 0)153,38
: (0, 0, 0)154,38
: (0, 0, 0)155,38
: (0, 0, 0)156,38
: (0, 0, 0)157,38
: (0, 0, 0)158,38
: (0, 0, 0)159,38
: (0, 0, 0)160,38
: (0, 0, 0)161,38
: (0, 0, 0)162,38
: (0, 0, 0)163,38
: (0, 0, 0)164,38
: (0, 0, 0)165,38
: (0, 0, 0)166,38
: (0, 0, 0)167,38
: (0, 0, 0)168,38
: (0, 0, 0)169,38
: (0, 0, 0)170,38
: (0, 0, 0)171,38
: (0, 0, 0)172,38
: (0, 0, 0)173,38
: (0, 0, 0)174,38
: (0, 0, 0)175,38
: (0, 0, 0)176,38
: (0, 0, 0)177,38
: (0, 0, 0)178,38
: (0, 0, 0)179,38
: (0, 0, 0)180,38
: (0, 0, 0)181,38
: (0, 0, 0)182,38
: (0, 0, 0)183,38
: (0, 0, 0)184,38
: (0, 0, 0)246,38
: (0, 0, 0)300,38
: (0, 0, 0)347,38
: (0, 0, 0)396,38
: (0, 0, 0)32,39
: (0, 0, 0)102,39
: (0, 0, 0)184,39
: (0, 0, 0)246,39
: (0, 0, 0)300,39
: (0, 0, 0)347,39
: (0, 0, 0)396,39
: (0, 0, 0)32,40
: (0, 0, 0)102,40
: (0, 0, 0)184,40
: (0, 0, 0)246,40
: (0, 0, 0)300,40
: (0, 0, 0)347,40
: (0, 0, 0)396,40
: (0, 0, 0)32,41
: (0, 0, 0)102,41
: (0, 0, 0)184,41
: (0, 0, 0)246,41
: (0, 0, 0)300,41
: (0, 0, 0)347,41
: (0, 0, 0)396,41
: (0, 0, 0)32,42
: (0, 0, 0)102,42
: (0, 0, 0)184,42
: (0, 0, 0)246,42
: (0, 0, 0)300,42
: (0, 0, 0)347,42
: (0, 0, 0)396,42
: (0, 0, 0)32,43
: (0, 0, 0)102,43
: (0, 0, 0)184,43
: (0, 0, 0)246,43
: (0, 0, 0)300,43
: (0, 0, 0)347,43
: (0, 0, 0)396,43
: (0, 0, 0)32,44
: (0, 0, 0)102,44
: (0, 0, 0)184,44
: (0, 0, 0)246,44
: (0, 0, 0)300,44
: (0, 0, 0)347,44
: (0, 0, 0)396,44
: (0, 0, 0)32,45
: (0, 0, 0)102,45
: (0, 0, 0)184,45
: (0, 0, 0)246,45
: (0, 0, 0)300,45
: (0, 0, 0)347,45
: (0, 0, 0)396,45
: (0, 0, 0)32,46
: (0, 0, 0)102,46
: (0, 0, 0)184,46
: (0, 0, 0)246,46
: (0, 0, 0)300,46
: (0, 0, 0)347,46
: (0, 0, 0)396,46
: (0, 0, 0)32,47
: (0, 0, 0)102,47
: (0, 0, 0)184,47
: (0, 0, 0)246,47
: (0, 0, 0)300,47
: (0, 0, 0)347,47
: (0, 0, 0)396,47
: (0, 0, 0)32,48
: (0, 0, 0)102,48
: (0, 0, 0)184,48
: (0, 0, 0)246,48
: (0, 0, 0)300,48
: (0, 0, 0)347,48
: (0, 0, 0)396,48
: (0, 0, 0)32,49
: (0, 0, 0)102,49
: (0, 0, 0)184,49
: (0, 0, 0)246,49
: (0, 0, 0)300,49
: (0, 0, 0)347,49
: (0, 0, 0)396,49
: (0, 0, 0)32,50
: (0, 0, 0)102,50
: (0, 0, 0)184,50
: (0, 0, 0)246,50
: (0, 0, 0)300,50
: (0, 0, 0)347,50
: (0, 0, 0)396,50
: (0, 0, 0)32,51
: (0, 0, 0)102,51
: (0, 0, 0)184,51
: (0, 0, 0)246,51
: (0, 0, 0)300,51
: (0, 0, 0)347,51
: (0, 0, 0)396,51
: (0, 0, 0)32,52
: (0, 0, 0)102,52
: (0, 0, 0)184,52
: (0, 0, 0)246,52
: (0, 0, 0)300,52
: (0, 0, 0)347,52
: (0, 0, 0)396,52
: (0, 0, 0)32,53
: (0, 0, 0)102,53
: (0, 0, 0)184,53
: (0, 0, 0)246,53
: (0, 0, 0)300,53
: (0, 0, 0)347,53
: (0, 0, 0)396,53
: (0, 0, 0)32,54
: (0, 0, 0)102,54
: (0, 0, 0)184,54
: (0, 0, 0)246,54
: (0, 0, 0)300,54
: (0, 0, 0)347,54
: (0, 0, 0)396,54
: (0, 0, 0)32,55
: (0, 0, 0)102,55
: (0, 0, 0)184,55
: (0, 0, 0)246,55
: (0, 0, 0)300,55
: (0, 0, 0)347,55
: (0, 0, 0)396,55
: (0, 0, 0)32,56
: (0, 0, 0)102,56
: (0, 0, 0)184,56
: (0, 0, 0)246,56
: (0, 0, 0)300,56
: (0, 0, 0)347,56
: (0, 0, 0)396,56
: (0, 0, 0)32,57
: (0, 0, 0)102,57
: (0, 0, 0)184,57
: (0, 0, 0)246,57
: (0, 0, 0)300,57
: (0, 0, 0)347,57
: (0, 0, 0)396,57
: (0, 0, 0)32,58
: (0, 0, 0)102,58
: (0, 0, 0)184,58
: (0, 0, 0)246,58
: (0, 0, 0)300,58
: (0, 0, 0)347,58
: (0, 0, 0)396,58
: (0, 0, 0)32,59
: (0, 0, 0)102,59
: (0, 0, 0)184,59
: (0, 0, 0)246,59
: (0, 0, 0)300,59
: (0, 0, 0)347,59
: (0, 0, 0)396,59
: (0, 0, 0)32,60
: (0, 0, 0)102,60
: (0, 0, 0)184,60
: (0, 0, 0)246,60
: (0, 0, 0)300,60
: (0, 0, 0)347,60
: (0, 0, 0)396,60
: (0, 0, 0)32,61
: (0, 0, 0)102,61
: (0, 0, 0)184,61
: (0, 0, 0)246,61
: (0, 0, 0)300,61
: (0, 0, 0)301,61
: (0, 0, 0)302,61
: (0, 0, 0)303,61
: (0, 0, 0)304,61
: (0, 0, 0)305,61
: (0, 0, 0)306,61
: (0, 0, 0)307,61
: (0, 0, 0)308,61
: (0, 0, 0)309,61
: (0, 0, 0)310,61
: (0, 0, 0)311,61
: (0, 0, 0)312,61
: (0, 0, 0)313,61
: (0, 0, 0)314,61
: (0, 0, 0)315,61
: (0, 0, 0)316,61
: (0, 0, 0)317,61
: (0, 0, 0)318,61
: (0, 0, 0)319,61
: (0, 0, 0)320,61
: (0, 0, 0)321,61
: (0, 0, 0)322,61
: (0, 0, 0)323,61
: (0, 0, 0)324,61
: (0, 0, 0)325,61
: (0, 0, 0)326,61
: (0, 0, 0)327,61
: (0, 0, 0)328,61
: (0, 0, 0)329,61
: (0, 0, 0)330,61
: (0, 0, 0)331,61
: (0, 0, 0)332,61
: (0, 0, 0)333,61
: (0, 0, 0)334,61
: (0, 0, 0)335,61
: (0, 0, 0)336,61
: (0, 0, 0)337,61
: (0, 0, 0)338,61
: (0, 0, 0)339,61
: (0, 0, 0)340,61
: (0, 0, 0)341,61
: (0, 0, 0)342,61
: (0, 0, 0)343,61
: (0, 0, 0)344,61
: (0, 0, 0)345,61
: (0, 0, 0)346,61
: (0, 0, 0)347,61
: (0, 0, 0)396,61
: (0, 0, 0)32,62
: (0, 0, 0)102,62
: (0, 0, 0)184,62
: (0, 0, 0)246,62
: (0, 0, 0)300,62
: (0, 0, 0)347,62
: (0, 0, 0)396,62
: (0, 0, 0)32,63
: (0, 0, 0)102,63
: (0, 0, 0)184,63
: (0, 0, 0)246,63
: (0, 0, 0)300,63
: (0, 0, 0)347,63
: (0, 0, 0)396,63
: (0, 0, 0)32,64
: (0, 0, 0)102,64
: (0, 0, 0)184,64
: (0, 0, 0)246,64
: (0, 0, 0)300,64
: (0, 0, 0)347,64
: (0, 0, 0)396,64
: (0, 0, 0)32,65
: (0, 0, 0)102,65
: (0, 0, 0)184,65
: (0, 0, 0)185,65
: (0, 0, 0)186,65
: (0, 0, 0)187,65
: (0, 0, 0)188,65
: (0, 0, 0)189,65
: (0, 0, 0)190,65
: (0, 0, 0)191,65
: (0, 0, 0)192,65
: (0, 0, 0)193,65
: (0, 0, 0)194,65
: (0, 0, 0)195,65
: (0, 0, 0)196,65
: (0, 0, 0)197,65
: (0, 0, 0)198,65
: (0, 0, 0)199,65
: (0, 0, 0)200,65
: (0, 0, 0)201,65
: (0, 0, 0)202,65
: (0, 0, 0)203,65
: (0, 0, 0)204,65
: (0, 0, 0)205,65
: (0, 0, 0)206,65
: (0, 0, 0)207,65
: (0, 0, 0)208,65
: (0, 0, 0)209,65
: (0, 0, 0)210,65
: (0, 0, 0)211,65
: (0, 0, 0)212,65
: (0, 0, 0)213,65
: (0, 0, 0)214,65
: (0, 0, 0)215,65
: (0, 0, 0)216,65
: (0, 0, 0)217,65
: (0, 0, 0)218,65
: (0, 0, 0)219,65
: (0, 0, 0)220,65
: (0, 0, 0)221,65
: (0, 0, 0)222,65
: (0, 0, 0)223,65
: (0, 0, 0)224,65
: (0, 0, 0)225,65
: (0, 0, 0)226,65
: (0, 0, 0)227,65
: (0, 0, 0)228,65
: (0, 0, 0)229,65
: (0, 0, 0)230,65
: (0, 0, 0)231,65
: (0, 0, 0)232,65
: (0, 0, 0)233,65
: (0, 0, 0)234,65
: (0, 0, 0)235,65
: (0, 0, 0)236,65
: (0, 0, 0)237,65
: (0, 0, 0)238,65
: (0, 0, 0)239,65
: (0, 0, 0)240,65
: (0, 0, 0)241,65
: (0, 0, 0)242,65
: (0, 0, 0)243,65
: (0, 0, 0)244,65
: (0, 0, 0)245,65
: (0, 0, 0)246,65
: (0, 0, 0)300,65
: (0, 0, 0)347,65
: (0, 0, 0)396,65
: (0, 0, 0)32,66
: (0, 0, 0)102,66
: (0, 0, 0)184,66
: (0, 0, 0)246,66
: (0, 0, 0)300,66
: (0, 0, 0)347,66
: (0, 0, 0)396,66
: (0, 0, 0)32,67
: (0, 0, 0)102,67
: (0, 0, 0)184,67
: (0, 0, 0)246,67
: (0, 0, 0)300,67
: (0, 0, 0)347,67
: (0, 0, 0)396,67
: (0, 0, 0)32,68
: (0, 0, 0)102,68
: (0, 0, 0)184,68
: (0, 0, 0)246,68
: (0, 0, 0)300,68
: (0, 0, 0)347,68
: (0, 0, 0)396,68
: (0, 0, 0)32,69
: (0, 0, 0)102,69
: (0, 0, 0)184,69
: (0, 0, 0)246,69
: (0, 0, 0)300,69
: (0, 0, 0)347,69
: (0, 0, 0)396,69
: (0, 0, 0)32,70
: (0, 0, 0)102,70
: (0, 0, 0)184,70
: (0, 0, 0)246,70
: (0, 0, 0)300,70
: (0, 0, 0)347,70
: (0, 0, 0)396,70
: (0, 0, 0)32,71
: (0, 0, 0)102,71
: (0, 0, 0)184,71
: (0, 0, 0)246,71
: (0, 0, 0)300,71
: (0, 0, 0)347,71
: (0, 0, 0)396,71
: (0, 0, 0)32,72
: (0, 0, 0)102,72
: (0, 0, 0)184,72
: (0, 0, 0)246,72
: (0, 0, 0)300,72
: (0, 0, 0)347,72
: (0, 0, 0)396,72
: (0, 0, 0)32,73
: (0, 0, 0)102,73
: (0, 0, 0)184,73
: (0, 0, 0)246,73
: (0, 0, 0)300,73
: (0, 0, 0)347,73
: (0, 0, 0)396,73
: (0, 0, 0)32,74
: (0, 0, 0)102,74
: (0, 0, 0)184,74
: (0, 0, 0)246,74
: (0, 0, 0)300,74
: (0, 0, 0)347,74
: (0, 0, 0)396,74
: (0, 0, 0)32,75
: (0, 0, 0)102,75
: (0, 0, 0)184,75
: (0, 0, 0)246,75
: (0, 0, 0)300,75
: (0, 0, 0)347,75
: (0, 0, 0)396,75
: (0, 0, 0)32,76
: (0, 0, 0)102,76
: (0, 0, 0)184,76
: (0, 0, 0)246,76
: (0, 0, 0)300,76
: (0, 0, 0)347,76
: (0, 0, 0)396,76
: (0, 0, 0)32,77
: (0, 0, 0)102,77
: (0, 0, 0)184,77
: (0, 0, 0)246,77
: (0, 0, 0)300,77
: (0, 0, 0)347,77
: (0, 0, 0)396,77
: (0, 0, 0)32,78
: (0, 0, 0)102,78
: (0, 0, 0)184,78
: (0, 0, 0)246,78
: (0, 0, 0)300,78
: (0, 0, 0)347,78
: (0, 0, 0)396,78
: (0, 0, 0)32,79
: (0, 0, 0)102,79
: (0, 0, 0)184,79
: (0, 0, 0)246,79
: (0, 0, 0)300,79
: (0, 0, 0)347,79
: (0, 0, 0)396,79
: (0, 0, 0)32,80
: (0, 0, 0)102,80
: (0, 0, 0)184,80
: (0, 0, 0)246,80
: (0, 0, 0)300,80
: (0, 0, 0)347,80
: (0, 0, 0)396,80
: (0, 0, 0)32,81
: (0, 0, 0)102,81
: (0, 0, 0)184,81
: (0, 0, 0)246,81
: (0, 0, 0)300,81
: (0, 0, 0)347,81
: (0, 0, 0)396,81
: (0, 0, 0)32,82
: (0, 0, 0)102,82
: (0, 0, 0)184,82
: (0, 0, 0)246,82
: (0, 0, 0)300,82
: (0, 0, 0)347,82
: (0, 0, 0)396,82
: (0, 0, 0)32,83
: (0, 0, 0)102,83
: (0, 0, 0)184,83
: (0, 0, 0)246,83
: (0, 0, 0)300,83
: (0, 0, 0)347,83
: (0, 0, 0)396,83
: (0, 0, 0)32,84
: (0, 0, 0)102,84
: (0, 0, 0)184,84
: (0, 0, 0)246,84
: (0, 0, 0)300,84
: (0, 0, 0)347,84
: (0, 0, 0)396,84
: (0, 0, 0)32,85
: (0, 0, 0)102,85
: (0, 0, 0)184,85
: (0, 0, 0)246,85
: (0, 0, 0)300,85
: (0, 0, 0)347,85
: (0, 0, 0)396,85
: (0, 0, 0)32,86
: (0, 0, 0)102,86
: (0, 0, 0)184,86
: (0, 0, 0)246,86
: (0, 0, 0)300,86
: (0, 0, 0)347,86
: (0, 0, 0)396,86
: (0, 0, 0)32,87
: (0, 0, 0)102,87
: (0, 0, 0)184,87
: (0, 0, 0)246,87
: (0, 0, 0)300,87
: (0, 0, 0)347,87
: (0, 0, 0)396,87
: (0, 0, 0)32,88
: (0, 0, 0)102,88
: (0, 0, 0)184,88
: (0, 0, 0)246,88
: (0, 0, 0)300,88
: (0, 0, 0)347,88
: (0, 0, 0)396,88
: (0, 0, 0)32,89
: (0, 0, 0)102,89
: (0, 0, 0)184,89
: (0, 0, 0)246,89
: (0, 0, 0)300,89
: (0, 0, 0)347,89
: (0, 0, 0)396,89
: (0, 0, 0)32,90
: (0, 0, 0)33,90
: (0, 0, 0)34,90
: (0, 0, 0)35,90
: (0, 0, 0)36,90
: (0, 0, 0)37,90
: (0, 0, 0)38,90
: (0, 0, 0)39,90
: (0, 0, 0)40,90
: (0, 0, 0)41,90
: (0, 0, 0)42,90
: (0, 0, 0)43,90
: (0, 0, 0)44,90
: (0, 0, 0)45,90
: (0, 0, 0)46,90
: (0, 0, 0)47,90
: (0, 0, 0)48,90
: (0, 0, 0)49,90
: (0, 0, 0)50,90
: (0, 0, 0)51,90
: (0, 0, 0)52,90
: (0, 0, 0)53,90
: (0, 0, 0)54,90
: (0, 0, 0)55,90
: (0, 0, 0)56,90
: (0, 0, 0)57,90
: (0, 0, 0)58,90
: (0, 0, 0)59,90
: (0, 0, 0)60,90
: (0, 0, 0)61,90
: (0, 0, 0)62,90
: (0, 0, 0)63,90
: (0, 0, 0)64,90
: (0, 0, 0)65,90
: (0, 0, 0)66,90
: (0, 0, 0)67,90
: (0, 0, 0)68,90
: (0, 0, 0)69,90
: (0, 0, 0)70,90
: (0, 0, 0)71,90
: (0, 0, 0)72,90
: (0, 0, 0)73,90
: (0, 0, 0)74,90
: (0, 0, 0)75,90
: (0, 0, 0)76,90
: (0, 0, 0)77,90
: (0, 0, 0)78,90
: (0, 0, 0)79,90
: (0, 0, 0)80,90
: (0, 0, 0)81,90
: (0, 0, 0)82,90
: (0, 0, 0)83,90
: (0, 0, 0)84,90
: (0, 0, 0)85,90
: (0, 0, 0)86,90
: (0, 0, 0)87,90
: (0, 0, 0)88,90
: (0, 0, 0)89,90
: (0, 0, 0)90,90
: (0, 0, 0)91,90
: (0, 0, 0)92,90
: (0, 0, 0)93,90
: (0, 0, 0)94,90
: (0, 0, 0)95,90
: (0, 0, 0)96,90
: (0, 0, 0)97,90
: (0, 0, 0)98,90
: (0, 0, 0)99,90
: (0, 0, 0)100,90
: (0, 0, 0)101,90
: (0, 0, 0)102,90
: (0, 0, 0)103,90
: (0, 0, 0)104,90
: (0, 0, 0)105,90
: (0, 0, 0)106,90
: (0, 0, 0)107,90
: (0, 0, 0)108,90
: (0, 0, 0)109,90
: (0, 0, 0)110,90
: (0, 0, 0)111,90
: (0, 0, 0)112,90
: (0, 0, 0)113,90
: (0, 0, 0)114,90
: (0, 0, 0)115,90
: (0, 0, 0)116,90
: (0, 0, 0)117,90
: (0, 0, 0)118,90
: (0, 0, 0)119,90
: (0, 0, 0)120,90
: (0, 0, 0)121,90
: (0, 0, 0)122,90
: (0, 0, 0)123,90
: (0, 0, 0)124,90
: (0, 0, 0)125,90
: (0, 0, 0)126,90
: (0, 0, 0)127,90
: (0, 0, 0)128,90
: (0, 0, 0)129,90
: (0, 0, 0)130,90
: (0, 0, 0)131,90
: (0, 0, 0)132,90
: (0, 0, 0)133,90
: (0, 0, 0)134,90
: (0, 0, 0)135,90
: (0, 0, 0)136,90
: (0, 0, 0)137,90
: (0, 0, 0)138,90
: (0, 0, 0)139,90
: (0, 0, 0)140,90
: (0, 0, 0)141,90
: (0, 0, 0)142,90
: (0, 0, 0)143,90
: (0, 0, 0)144,90
: (0, 0, 0)145,90
: (0, 0, 0)146,90
: (0, 0, 0)147,90
: (0, 0, 0)148,90
: (0, 0, 0)149,90
: (0, 0, 0)150,90
: (0, 0, 0)151,90
: (0, 0, 0)152,90
: (0, 0, 0)153,90
: (0, 0, 0)154,90
: (0, 0, 0)155,90
: (0, 0, 0)156,90
: (0, 0, 0)157,90
: (0, 0, 0)158,90
: (0, 0, 0)159,90
: (0, 0, 0)160,90
: (0, 0, 0)161,90
: (0, 0, 0)162,90
: (0, 0, 0)163,90
: (0, 0, 0)164,90
: (0, 0, 0)165,90
: (0, 0, 0)166,90
: (0, 0, 0)167,90
: (0, 0, 0)168,90
: (0, 0, 0)169,90
: (0, 0, 0)170,90
: (0, 0, 0)171,90
: (0, 0, 0)172,90
: (0, 0, 0)173,90
: (0, 0, 0)174,90
: (0, 0, 0)175,90
: (0, 0, 0)176,90
: (0, 0, 0)177,90
: (0, 0, 0)178,90
: (0, 0, 0)179,90
: (0, 0, 0)180,90
: (0, 0, 0)181,90
: (0, 0, 0)182,90
: (0, 0, 0)183,90
: (0, 0, 0)184,90
: (0, 0, 0)246,90
: (0, 0, 0)300,90
: (0, 0, 0)347,90
: (0, 0, 0)396,90
: (0, 0, 0)184,91
: (0, 0, 0)246,91
: (0, 0, 0)247,91
: (0, 0, 0)248,91
: (0, 0, 0)249,91
: (0, 0, 0)250,91
: (0, 0, 0)251,91
: (0, 0, 0)252,91
: (0, 0, 0)253,91
: (0, 0, 0)254,91
: (0, 0, 0)255,91
: (0, 0, 0)256,91
: (0, 0, 0)257,91
: (0, 0, 0)258,91
: (0, 0, 0)259,91
: (0, 0, 0)260,91
: (0, 0, 0)261,91
: (0, 0, 0)262,91
: (0, 0, 0)263,91
: (0, 0, 0)264,91
: (0, 0, 0)265,91
: (0, 0, 0)266,91
: (0, 0, 0)267,91
: (0, 0, 0)268,91
: (0, 0, 0)269,91
: (0, 0, 0)270,91
: (0, 0, 0)271,91
: (0, 0, 0)272,91
: (0, 0, 0)273,91
: (0, 0, 0)274,91
: (0, 0, 0)275,91
: (0, 0, 0)276,91
: (0, 0, 0)277,91
: (0, 0, 0)278,91
: (0, 0, 0)279,91
: (0, 0, 0)280,91
: (0, 0, 0)281,91
: (0, 0, 0)282,91
: (0, 0, 0)283,91
: (0, 0, 0)284,91
: (0, 0, 0)285,91
: (0, 0, 0)286,91
: (0, 0, 0)287,91
: (0, 0, 0)288,91
: (0, 0, 0)289,91
: (0, 0, 0)290,91
: (0, 0, 0)291,91
: (0, 0, 0)292,91
: (0, 0, 0)293,91
: (0, 0, 0)294,91
: (0, 0, 0)295,91
: (0, 0, 0)296,91
: (0, 0, 0)297,91
: (0, 0, 0)298,91
: (0, 0, 0)299,91
: (0, 0, 0)300,91
: (0, 0, 0)347,91
: (0, 0, 0)396,91
: (0, 0, 0)184,92
: (0, 0, 0)246,92
: (0, 0, 0)300,92
: (0, 0, 0)347,92
: (0, 0, 0)396,92
: (0, 0, 0)184,93
: (0, 0, 0)246,93
: (0, 0, 0)300,93
: (0, 0, 0)347,93
: (0, 0, 0)348,93
: (0, 0, 0)349,93
: (0, 0, 0)350,93
: (0, 0, 0)351,93
: (0, 0, 0)352,93
: (0, 0, 0)353,93
: (0, 0, 0)354,93
: (0, 0, 0)355,93
: (0, 0, 0)356,93
: (0, 0, 0)357,93
: (0, 0, 0)358,93
: (0, 0, 0)359,93
: (0, 0, 0)360,93
: (0, 0, 0)361,93
: (0, 0, 0)362,93
: (0, 0, 0)363,93
: (0, 0, 0)364,93
: (0, 0, 0)365,93
: (0, 0, 0)366,93
: (0, 0, 0)367,93
: (0, 0, 0)368,93
: (0, 0, 0)369,93
: (0, 0, 0)370,93
: (0, 0, 0)371,93
: (0, 0, 0)372,93
: (0, 0, 0)373,93
: (0, 0, 0)374,93
: (0, 0, 0)375,93
: (0, 0, 0)376,93
: (0, 0, 0)377,93
: (0, 0, 0)378,93
: (0, 0, 0)379,93
: (0, 0, 0)380,93
: (0, 0, 0)381,93
: (0, 0, 0)382,93
: (0, 0, 0)383,93
: (0, 0, 0)384,93
: (0, 0, 0)385,93
: (0, 0, 0)386,93
: (0, 0, 0)387,93
: (0, 0, 0)388,93
: (0, 0, 0)389,93
: (0, 0, 0)390,93
: (0, 0, 0)391,93
: (0, 0, 0)392,93
: (0, 0, 0)393,93
: (0, 0, 0)394,93
: (0, 0, 0)395,93
: (0, 0, 0)396,93
: (0, 0, 0)184,94
: (0, 0, 0)246,94
: (0, 0, 0)300,94
: (0, 0, 0)347,94
: (0, 0, 0)184,95
: (0, 0, 0)246,95
: (0, 0, 0)300,95
: (0, 0, 0)347,95
: (0, 0, 0)184,96
: (0, 0, 0)246,96
: (0, 0, 0)300,96
: (0, 0, 0)347,96
: (0, 0, 0)184,97
: (0, 0, 0)246,97
: (0, 0, 0)300,97
: (0, 0, 0)347,97
: (0, 0, 0)184,98
: (0, 0, 0)246,98
: (0, 0, 0)300,98
: (0, 0, 0)347,98
: (0, 0, 0)184,99
: (0, 0, 0)246,99
: (0, 0, 0)300,99
: (0, 0, 0)347,99
: (0, 0, 0)184,100
: (0, 0, 0)246,100
: (0, 0, 0)300,100
: (0, 0, 0)347,100
: (0, 0, 0)184,101
: (0, 0, 0)246,101
: (0, 0, 0)300,101
: (0, 0, 0)347,101
: (0, 0, 0)184,102
: (0, 0, 0)246,102
: (0, 0, 0)300,102
: (0, 0, 0)347,102
: (0, 0, 0)184,103
: (0, 0, 0)246,103
: (0, 0, 0)300,103
: (0, 0, 0)347,103
: (0, 0, 0)184,104
: (0, 0, 0)246,104
: (0, 0, 0)300,104
: (0, 0, 0)347,104
: (0, 0, 0)184,105
: (0, 0, 0)246,105
: (0, 0, 0)300,105
: (0, 0, 0)347,105
: (0, 0, 0)184,106
: (0, 0, 0)246,106
: (0, 0, 0)300,106
: (0, 0, 0)347,106
: (0, 0, 0)184,107
: (0, 0, 0)246,107
: (0, 0, 0)300,107
: (0, 0, 0)347,107
: (0, 0, 0)184,108
: (0, 0, 0)246,108
: (0, 0, 0)300,108
: (0, 0, 0)347,108
: (0, 0, 0)184,109
: (0, 0, 0)246,109
: (0, 0, 0)300,109
: (0, 0, 0)347,109
: (0, 0, 0)184,110
: (0, 0, 0)246,110
: (0, 0, 0)300,110
: (0, 0, 0)347,110
: (0, 0, 0)184,111
: (0, 0, 0)246,111
: (0, 0, 0)300,111
: (0, 0, 0)347,111
: (0, 0, 0)184,112
: (0, 0, 0)246,112
: (0, 0, 0)300,112
: (0, 0, 0)347,112
: (0, 0, 0)184,113
: (0, 0, 0)246,113
: (0, 0, 0)300,113
: (0, 0, 0)347,113
: (0, 0, 0)184,114
: (0, 0, 0)246,114
: (0, 0, 0)300,114
: (0, 0, 0)347,114
: (0, 0, 0)184,115
: (0, 0, 0)246,115
: (0, 0, 0)300,115
: (0, 0, 0)347,115
: (0, 0, 0)184,116
: (0, 0, 0)246,116
: (0, 0, 0)300,116
: (0, 0, 0)347,116
: (0, 0, 0)184,117
: (0, 0, 0)246,117
: (0, 0, 0)300,117
: (0, 0, 0)347,117
: (0, 0, 0)184,118
: (0, 0, 0)246,118
: (0, 0, 0)300,118
: (0, 0, 0)347,118
: (0, 0, 0)184,119
: (0, 0, 0)246,119
: (0, 0, 0)300,119
: (0, 0, 0)347,119
: (0, 0, 0)184,120
: (0, 0, 0)246,120
: (0, 0, 0)300,120
: (0, 0, 0)347,120
: (0, 0, 0)184,121
: (0, 0, 0)246,121
: (0, 0, 0)300,121
: (0, 0, 0)347,121
: (0, 0, 0)184,122
: (0, 0, 0)246,122
: (0, 0, 0)300,122
: (0, 0, 0)347,122
: (0, 0, 0)184,123
: (0, 0, 0)246,123
: (0, 0, 0)300,123
: (0, 0, 0)347,123
: (0, 0, 0)184,124
: (0, 0, 0)246,124
: (0, 0, 0)300,124
: (0, 0, 0)347,124
: (0, 0, 0)184,125
: (0, 0, 0)246,125
: (0, 0, 0)300,125
: (0, 0, 0)347,125
: (0, 0, 0)184,126
: (0, 0, 0)246,126
: (0, 0, 0)300,126
: (0, 0, 0)347,126
: (0, 0, 0)184,127
: (0, 0, 0)185,127
: (0, 0, 0)186,127
: (0, 0, 0)187,127
: (0, 0, 0)188,127
: (0, 0, 0)189,127
: (0, 0, 0)190,127
: (0, 0, 0)191,127
: (0, 0, 0)192,127
: (0, 0, 0)193,127
: (0, 0, 0)194,127
: (0, 0, 0)195,127
: (0, 0, 0)196,127
: (0, 0, 0)197,127
: (0, 0, 0)198,127
: (0, 0, 0)199,127
: (0, 0, 0)200,127
: (0, 0, 0)201,127
: (0, 0, 0)202,127
: (0, 0, 0)203,127
: (0, 0, 0)204,127
: (0, 0, 0)205,127
: (0, 0, 0)206,127
: (0, 0, 0)207,127
: (0, 0, 0)208,127
: (0, 0, 0)209,127
: (0, 0, 0)210,127
: (0, 0, 0)211,127
: (0, 0, 0)212,127
: (0, 0, 0)213,127
: (0, 0, 0)214,127
: (0, 0, 0)215,127
: (0, 0, 0)216,127
: (0, 0, 0)217,127
: (0, 0, 0)218,127
: (0, 0, 0)219,127
: (0, 0, 0)220,127
: (0, 0, 0)221,127
: (0, 0, 0)222,127
: (0, 0, 0)223,127
: (0, 0, 0)224,127
: (0, 0, 0)225,127
: (0, 0, 0)226,127
: (0, 0, 0)227,127
: (0, 0, 0)228,127
: (0, 0, 0)229,127
: (0, 0, 0)230,127
: (0, 0, 0)231,127
: (0, 0, 0)232,127
: (0, 0, 0)233,127
: (0, 0, 0)234,127
: (0, 0, 0)235,127
: (0, 0, 0)236,127
: (0, 0, 0)237,127
: (0, 0, 0)238,127
: (0, 0, 0)239,127
: (0, 0, 0)240,127
: (0, 0, 0)241,127
: (0, 0, 0)242,127
: (0, 0, 0)243,127
: (0, 0, 0)244,127
: (0, 0, 0)245,127
: (0, 0, 0)246,127
: (0, 0, 0)300,127
: (0, 0, 0)347,127
: (0, 0, 0)300,128
: (0, 0, 0)347,128
: (0, 0, 0)300,129
: (0, 0, 0)347,129
: (0, 0, 0)300,130
: (0, 0, 0)301,130
: (0, 0, 0)302,130
: (0, 0, 0)303,130
: (0, 0, 0)304,130
: (0, 0, 0)305,130
: (0, 0, 0)306,130
: (0, 0, 0)307,130
: (0, 0, 0)308,130
: (0, 0, 0)309,130
: (0, 0, 0)310,130
: (0, 0, 0)311,130
: (0, 0, 0)312,130
: (0, 0, 0)313,130
: (0, 0, 0)314,130
: (0, 0, 0)315,130
: (0, 0, 0)316,130
: (0, 0, 0)317,130
: (0, 0, 0)318,130
: (0, 0, 0)319,130
: (0, 0, 0)320,130
: (0, 0, 0)321,130
: (0, 0, 0)322,130
: (0, 0, 0)323,130
: (0, 0, 0)324,130
: (0, 0, 0)325,130
: (0, 0, 0)326,130
: (0, 0, 0)327,130
: (0, 0, 0)328,130
: (0, 0, 0)329,130
: (0, 0, 0)330,130
: (0, 0, 0)331,130
: (0, 0, 0)332,130
: (0, 0, 0)333,130
: (0, 0, 0)334,130
: (0, 0, 0)335,130
: (0, 0, 0)336,130
: (0, 0, 0)337,130
: (0, 0, 0)338,130
: (0, 0, 0)339,130
: (0, 0, 0)340,130
: (0, 0, 0)341,130
: (0, 0, 0)342,130
: (0, 0, 0)343,130
: (0, 0, 0)344,130
: (0, 0, 0)345,130
: (0, 0, 0)346,130
: (0, 0, 0)347,130
: (0, 0, 0)